 time   2.38629989E-02
   1.5274220521541950       0.11751201469403139        1.6449340668482264     
   1.5843465334449871        6.0587533403239302E-002   1.6449340668482264     
   1.6141672628279244        3.0766804020301963E-002   1.6449340668482264     
   1.6294305014088877        1.5503565439338729E-002   1.6449340668482264     
   1.6371520049544619        7.7820618937645136E-003   1.6449340668482264     
   1.6410354363086805        3.8986305395458665E-003   1.6449340668482264     
   1.6429828479550967        1.9512188931296581E-003   1.6449340668482264     
   1.6439579810301643        9.7608581806207795E-004   1.6449340668482264     
   1.6444459047881135        4.8816206011292884E-004   1.6449340668482264     
   1.6446899560231236        2.4411082510278348E-004   1.6449340668482264     
   1.6448120039860039        1.2206286222249396E-004   1.6449340668482264     
   1.6448730335545838        6.1033293642598352E-005   1.6449340668482264     
